49153	573824
49155	1203985
65542	1726356
49160	846057
65544	372508
49164	761341
49165	1753981
49168	486139
49171	5794868
49172	1234238
49174	695287
65565	395839
57375	754318
49185	1307157
65571	139375
57379	1164183
49187	1550072
57386	-1
57387	1161786
49196	557278
57389	7286677
57390	7409054
49199	1557367
57392	90610
57394	1426975
57395	-1
57396	1406151
49205	1898860
65590	998606
57399	309446
65595	1192097
65594	50545
57407	217567
49216	1652114
57409	-1
49222	938019
65607	905156
65608	281862
49226	1775959
65611	-1
65610	1133621
49228	1332575
49234	1473076
57430	282455
65629	1490463
65628	88034
57438	315230
65631	952591
49247	1456760
57440	743231
57453	61525
65646	1599645
65654	1661468
49275	1776297
49276	1073966
57468	1616713
65660	368058
49278	65409
57473	984790
65667	495476
57474	1353603
49285	1400888
49286	1342390
57480	159554
65672	586611
57481	-1
57482	-1
49290	823451
49297	1630946
57489	779587
57492	1075392
49302	634716
57495	1408429
49305	174753
49306	1356641
49307	544041
57502	5942362
65695	1225763
49314	1443023
49318	1029897
49320	1318123
57513	1436248
49322	1620464
57516	669702
57519	720080
65713	1526816
57521	412841
57523	527411
65719	1504044
49337	1832420
65723	369134
65722	460502
57531	1874828
65725	194369
65726	470725
49345	-1
49350	1800968
65736	1442761
65741	-1
65740	1128261
49361	629028
65746	-1
49366	1247108
57559	1380531
49367	143198
65753	1503664
65754	1407193
57566	759095
65759	7409744
57568	1413996
49377	547322
57571	150591
65765	1235637
49381	-1
49382	413589
65766	1087326
65769	977111
65768	-1
57578	149974
49386	603165
49387	655347
65775	1531163
57583	1241399
65777	657027
57587	1267088
65780	406200
49405	435190
57598	1740405
49408	1698068
57600	790154
65795	1007053
49413	746645
57606	5699531
65798	822785
49417	193830
57610	-1
49418	536409
49420	1142551
65809	784642
49426	5854550
65811	936541
49427	5614814
49428	7262968
57626	435464
57627	1850088
57628	980928
49437	-1
49439	1354167
65824	784697
57634	1812235
65826	1068492
49445	5984412
49446	1115472
57641	1601755
65832	1612309
65834	1710941
57644	638440
65839	261138
57646	988804
57653	1603799
57654	5951784
49465	26036
65851	1367162
49466	1693987
49467	1249491
49471	1446576
49475	158961
65858	1340910
49476	147898
65861	398970
49477	460810
65860	1388642
65863	817864
65862	1682860
65865	418740
57676	28319
65868	1703951
57677	1754990
65871	1244236
49486	-1
65870	-1
65873	5742089
65872	518510
65875	403458
65876	93853
57686	1318454
57687	1701524
49496	696812
49497	1560208
65883	469711
49499	1312983
57691	1066226
49502	952891
49503	1348349
65886	760327
57699	5792439
49508	6790186
57702	428182
49511	564564
65900	627150
49517	103998
57713	1432859
65907	1832035
65906	97275
57717	1439438
65908	1456710
65910	766315
49528	562703
57720	-1
65912	790240
57723	1838892
57724	195258
57725	609050
49534	489627
57726	875897
57727	1335929
49535	371029
57728	1314775
65921	1799619
57729	1136607
65923	635926
49539	1318745
65925	1299982
57734	475018
49544	1614867
49545	953349
57738	444370
49546	854157
65931	1609759
49547	738456
49548	889020
49550	1133923
57742	511864
57743	558506
65943	1159701
65942	1818682
65944	1367020
65946	927002
49569	428136
65955	-1
65954	1323284
65957	399297
57766	146951
65958	1535893
49578	103519
49579	1555656
49581	978310
57774	1302430
65967	1164528
57776	1350205
49584	6790548
57777	1604017
49585	1566957
65971	1243196
57778	1489713
57779	466725
49590	814620
57786	429583
49595	220056
49597	1558689
49599	312787
57793	1468589
65984	1416777
57796	-1
49609	1688365
57802	1597585
49612	1890378
49613	265342
65999	1446351
49617	433584
49618	1819636
66002	768806
49619	1318261
66005	553971
49620	1854205
66004	1158960
57813	384935
49621	144870
66006	240487
49623	-1
57816	55263
49626	5952539
49627	-1
66012	187367
66015	620764
57824	697487
49633	1464245
57826	1799955
66019	66590
57829	1157883
66026	1846378
49648	464980
49651	202528
66034	439430
66036	1854203
57846	1820795
66040	296362
66044	1507172
66046	1084336
66049	1066362
66048	267015
49669	728758
66055	931674
57866	5928892
66063	155437
57870	760751
57871	460223
57873	328924
66064	734261
57875	748904
57877	1607229
57879	1302889
49690	420885
57885	508335
66076	1880537
66078	1561433
57889	1677220
57892	1406013
49700	313505
49702	66521
57895	1788629
49705	-1
49707	176644
66093	6369147
57900	1811503
66092	453124
57903	6219198
66097	1262931
49713	795776
57906	756090
57909	920040
57910	1323480
49720	6606882
66105	566234
57913	1918885
57914	981199
49723	1101613
66109	105075
49725	733858
57928	1010095
57929	1025415
57932	825901
49741	821617
57933	55849
66124	1497337
57934	519304
49745	77010
49748	-1
57941	1049504
66132	404307
57942	409495
57943	1854192
66134	461658
57944	1196517
57945	891416
57946	1190960
57947	619240
66138	637129
49755	1696901
57948	1769706
57949	301974
57953	1187163
49763	148305
57958	1502570
49767	687901
49768	1013075
57963	1139951
66156	1107700
49778	1012371
49779	1775888
66164	1779044
57973	376279
49783	485796
66171	1758340
49788	1060475
49792	937519
66177	1917711
66188	404604
49806	1653416
58005	71768
49815	1391843
66201	891041
66203	1482135
66210	868059
58021	-1
49830	1467493
66214	195209
58023	1727324
66217	1408911
58024	66399
58025	826812
66220	761468
66225	1131662
66226	301409
58037	1251003
49845	1575839
58038	507345
58039	410883
58041	369921
49850	1630813
58043	1654976
58049	1252930
66244	1910704
58053	1838135
66249	940003
66248	990102
58059	383625
66253	1632272
49879	161831
66267	418712
49887	1635214
66270	-1
66272	314884
66275	416345
58085	138792
66279	921884
66278	1917052
58089	1601041
49906	546364
58100	1667143
58106	1542111
66299	5929057
66300	553832
66302	144523
66307	1020370
49923	457124
66306	-1
58116	1919200
49924	984215
58117	7399674
66310	1164478
49927	1397379
58120	667620
66313	1877926
49929	1701696
66315	268217
66321	240876
66324	84850
58135	1388711
66329	216714
66328	1908188
58139	1887106
49947	198020
58140	888713
58145	682232
66338	1423188
58148	1623596
66343	1812613
66345	931665
49961	1503509
49967	1355501
66353	1562459
49968	7409250
49969	1520404
49970	547632
49973	1455311
49974	1209508
49975	1865620
66358	398838
58170	1370032
49979	347859
49980	783272
49987	1002977
49988	1308019
66375	995432
49991	488714
49992	1157145
58187	5741948
66378	952216
49996	1262661
49998	-1
50001	1202390
58195	24385
66391	62709
66390	129694
58201	1181608
58202	1701427
66395	1144490
50011	1417535
66397	602389
66400	44977
58210	1791289
66402	889735
58212	867437
50032	1724593
58227	1365427
50036	815710
58228	1617203
58233	673264
50042	498321
58234	1854054
50044	35453
58239	1818562
58241	45143
58242	641774
58243	1108326
50051	314288
58244	45024
50052	-1
66438	1055584
66441	1596269
58249	372884
58250	418205
66443	1059567
50059	187592
66448	-1
66451	1209423
58259	5730007
58261	493477
66455	1407118
66454	413435
58267	1849001
50075	1181738
58272	1742350
58273	131606
66464	1881673
58274	42964
58278	221087
58283	5857734
50091	552738
50098	1356315
58292	938484
58294	486522
58296	-1
58297	921008
58299	468498
50108	302011
58307	1757483
50117	939033
50118	415348
50122	1143167
50124	1659013
58318	1250975
66510	517908
58319	1668922
58321	1603623
58323	563827
58331	347247
58339	29464
58340	681514
58342	1174717
58343	7099
58345	1121323
66536	497599
58350	1391210
50164	647049
66549	1612429
66550	1548977
50169	1089195
58362	1637155
66554	1234211
58364	1295630
50173	419837
66559	196444
50175	22611
50176	821024
58368	525744
66561	1011185
50179	220525
58373	1401940
50190	1338586
50192	1127329
50193	573920
50196	5730607
66580	1563035
50197	1846600
58394	7409304
50205	313034
66594	-1
66596	88415
58409	1098388
50220	464897
50221	980848
58420	149980
50230	1345624
58423	1836724
58426	129468
50235	1320513
66623	695914
58432	400006
66626	1738055
58436	89309
66631	1817222
58451	1006667
50264	1234067
66651	7268766
50267	1096307
58464	847439
66656	1329376
58465	7454632
58469	-1
50277	400729
58470	1284573
66663	236999
66665	365299
66664	734094
66671	1660130
58478	475158
66670	1182498
50287	7148310
58482	438548
66675	695098
66674	524913
58483	939340
66677	889757
66681	930113
66689	651861
50306	1090597
66690	5929090
58500	1093596
50310	1786453
50312	7488845
58505	896020
50313	1536723
58507	1595489
50316	1215607
66703	1677626
58511	-1
66706	1352081
66709	81833
50325	766824
58518	1613627
58524	206594
58530	347523
58531	1133954
58539	179268
66734	1858789
58544	1651513
42166	209735
42171	921975
58556	-1
66748	1837426
58559	5951544
42175	1074004
42176	1108709
66753	-1
58562	556597
42179	1761578
58563	688517
58564	821358
50377	867988
58569	1186286
50379	1345338
58575	144973
66769	6122753
50385	371505
66768	1261683
66771	1456552
58578	173291
42195	1067246
66772	7087565
42198	6125041
58582	990554
42199	1435829
58583	1185468
66774	1423294
66776	832142
42201	6174797
42202	1788755
42203	5952300
42204	1684848
50397	374819
50398	1526724
42209	-1
66787	7409547
58595	1730453
42212	208545
66788	1673756
50405	329088
66791	1157962
42216	1446118
42217	-1
66797	1725756
50412	544921
58605	6446329
42223	1883609
66798	1283527
42225	1821812
50417	1304485
42226	140470
58610	85708
58613	509817
42229	1772845
50421	1450466
42230	1279457
66807	1361377
58619	1835849
58620	1373317
66813	507627
42238	937881
58623	1395635
42240	652807
58624	1359572
50433	1923628
58627	377426
58628	1334384
50436	521062
66820	1074278
50438	1301057
66823	1183041
58632	1693142
58633	-1
50441	745791
42250	1353234
50444	6374566
50445	492152
66831	365694
50446	274278
58639	119914
50447	566753
66833	-1
42257	1536844
50450	-1
42258	1611719
58642	1907775
58645	7398373
42261	-1
66841	1792010
58648	1775900
50457	1703272
58650	198157
50459	510494
66845	324440
66844	1516144
50463	1186362
42274	-1
58659	1659290
42275	322326
42277	736176
58663	1156118
58664	413883
58665	1459998
50477	1128781
42286	568319
50482	1593059
50487	1898209
58679	782954
58680	1284654
50489	1449332
42297	1428991
50491	1185504
42299	-1
50493	830631
42307	1430610
66882	985721
50499	1456691
66885	1408962
66886	1082301
50504	1094761
66888	570104
58697	297965
50508	995016
42316	96337
66892	801685
50510	627138
58703	554204
42319	264637
42320	1165882
42322	1742158
42324	447988
50517	7409408
50518	1344044
42328	345671
50521	1426271
58715	1251548
42332	1184585
66908	1794600
66911	1060847
50527	1105906
58719	135181
50529	1815561
58722	365580
66915	1430088
42338	1658725
66917	1295706
66919	1094980
66918	7007701
58727	1179517
58729	979577
42346	264563
50544	288346
50548	131317
50549	131355
42357	1509119
50551	1416450
42364	149747
42367	5951865
42368	194523
50561	7242163
42369	454079
42372	542115
42373	1087329
50566	1851917
42374	1413879
50567	642862
42375	522154
42376	179784
42377	1014109
50571	1618555
42379	1709016
58764	1603299
50573	277569
50574	1593354
42382	1760109
58767	143828
42383	631609
58769	-1
66960	977277
66963	1882224
42387	6259532
66962	488586
42388	1169731
50581	5792443
58775	1714018
58777	1531688
66971	1620386
50587	1456545
66973	1547586
66972	1242913
66975	568195
66974	365811
58785	88617
66981	311693
42405	-1
58792	559627
42409	1672556
42410	734113
58794	783192
42411	-1
58795	653078
42414	1844022
58798	911160
58801	346906
42420	1914465
42422	904093
50615	7242435
42423	835742
58809	221782
50621	849621
50622	104090
58814	1281449
58816	1368039
67008	-1
67013	580983
67019	755565
50635	367314
67018	-1
67021	1099668
50637	1501558
50640	514800
58835	549812
67028	1227630
67030	946893
42460	1392464
67037	683975
67039	1179107
67038	1209404
50655	1346222
50656	1907126
58848	1602523
58849	614961
50657	1120632
58852	1776593
58853	1518912
50665	981064
42474	6073660
58858	1536102
42475	1413706
42477	805269
42478	909195
42481	-1
58869	1264537
42485	1693921
58870	7488516
50679	283974
58872	6446209
67065	7409617
67064	539031
58876	50287
50688	1844359
42497	1173600
67074	253646
42500	396959
50692	1844911
58886	542411
67079	1348409
67081	1157890
58889	1881307
58890	1781505
58892	5792937
58893	1192549
67084	523656
67086	1857144
50705	1581920
58897	603328
67090	105021
50709	1564768
58901	1550028
58902	-1
58906	1532927
58909	377423
50719	359415
58912	5952342
67104	813339
50721	1439151
58916	1856007
42533	952989
58920	516873
67113	1044969
50728	768572
58921	7326335
67115	1778739
67114	6229210
50732	1412306
58926	147274
58929	1658438
58930	1068563
50738	1775530
67123	26035
67122	1553718
58932	1808320
58934	695659
42551	556920
67126	210426
50743	1618407
58936	561098
58937	344538
42553	382807
42557	520393
50752	200761
50754	1181009
42564	503932
42569	1274039
42570	1047261
50766	1274256
42574	293898
50767	5792830
50768	5858253
42578	-1
67154	1312306
58965	897804
50773	-1
42583	1136315
50775	488390
58970	7136497
58972	548516
67164	-1
67166	674847
50783	1159034
58976	607096
42592	885519
67168	790308
67173	947731
67175	1137897
67174	1729452
50791	1387398
50792	5857879
67176	1361049
67179	398510
42603	-1
42607	641975
42608	906910
42609	496418
50803	969344
58998	1691409
50807	-1
50808	1700327
42616	986209
59002	446591
42619	1678842
50812	1263399
50813	195213
42621	356245
59005	420969
50814	-1
67199	1568739
50815	430857
67198	1714075
67201	373324
42625	592842
42626	6552206
59011	556666
50820	1098040
42628	1905343
59014	80501
42631	1426704
59015	104782
50824	1015191
50825	1808239
67211	783370
59018	1860886
50826	100515
67210	995940
59019	914154
59020	1143834
67212	590987
59021	1631383
67215	996106
67216	1785043
50837	1118255
67220	5837009
50839	840507
50842	5929039
59039	1244917
67233	616166
59041	772219
59042	139702
59043	7044681
50851	-1
50852	6790711
59045	1340226
59046	1258945
59047	1837361
59049	1748542
67243	242124
42666	1836831
50860	1815870
67245	254486
67244	1705341
67247	522802
50864	-1
42673	5793034
50867	379417
42675	920605
42676	1128032
42677	801836
42680	1783063
67256	1789522
42681	1867855
42682	1218925
42683	192097
67258	1421593
50876	1698547
42685	1058948
59069	1615603
42687	1892220
59072	1225882
50883	1056258
50885	868136
50888	1916848
59085	-1
59086	1841404
59087	190175
59089	1834102
59090	-1
50898	7326404
50899	1280653
59092	1568574
67285	1863630
59095	977460
42711	119070
67289	1267445
67288	-1
59097	1012270
42714	769523
50908	1085919
42717	1243598
50910	1720728
50911	1753160
67294	1616947
67298	1818748
59109	1099682
42729	1069345
42732	-1
42734	437582
50927	60337
50929	-1
50930	509540
42738	1508519
67314	1334646
59124	1188576
50932	1440070
42741	248802
42742	519962
67320	155901
42756	502290
67332	1333310
42757	1277780
50950	1631160
67334	192583
42760	1838871
67337	5730180
67336	868057
50954	965285
42762	1397641
42763	1678313
50956	6850224
42765	551643
50958	1826492
67343	-1
42768	1634273
67345	1106482
42773	559947
42774	202919
59158	1003794
50967	1554049
67353	1891006
50969	265882
67352	90523
50970	1551350
67355	1008973
59167	1078667
59170	985123
67365	1409295
50982	1599209
42790	1341094
50983	912589
59176	1076430
42794	-1
42795	7488996
50988	-1
59184	1340043
42804	377987
42807	37106
51001	1161704
59194	272652
59196	76488
42813	430186
59199	980434
51008	607119
59202	94100
67395	1910049
67394	733025
67397	1549839
67398	677465
67401	7399474
67400	-1
67402	-1
51020	561979
67405	1492745
67407	1834195
59215	1187415
59216	1797998
67408	201214
67413	-1
42837	496277
51029	1834393
59222	113041
51030	1588557
67414	300659
67416	1318744
51040	486509
59233	1286993
67426	1566720
51044	1130181
67430	680326
51047	-1
59240	6354455
51048	1857267
59242	636335
59243	5795934
51051	200523
51052	137982
59245	1439501
42861	1388717
59246	1128697
51054	88314
59251	965114
51063	1460221
59257	1679138
59259	734531
42876	550587
59260	232716
51069	1779863
67452	734112
42878	1622472
51070	790631
67457	189995
59265	28118
67456	1520953
59266	1754438
59267	1377702
67461	388616
42885	1352912
67462	696048
67467	23509
67469	1494762
67468	217350
51087	364337
51088	1854060
51090	889999
67477	406262
59284	610631
59293	1622486
51102	409063
59299	1795909
51108	310839
42919	1557638
42924	5857565
67500	131562
51117	1811592
42926	205589
67502	159907
51120	941398
42930	1751303
59318	-1
59321	1547406
59322	-1
67519	1787890
51134	1254243
59326	1101982
67521	1460541
59328	873743
67520	1811864
51138	980917
42947	1895747
42949	250192
67526	1780074
59335	138322
59337	1329451
59341	988669
51150	1719052
51151	1465226
51153	645718
42965	1025072
51157	312803
59350	1248970
67545	1225965
51163	-1
42971	579502
59355	123473
51164	568843
59356	314269
51165	12835
67551	-1
42975	342034
51169	287155
42978	1396556
51170	59923
59362	691432
67555	1310225
51172	460585
59365	352558
51174	1595115
59366	977250
51175	1618633
59367	1758464
51176	269342
67561	1823322
42986	1800905
59371	421431
67565	7488393
59372	353919
67564	1497039
51183	1341274
67569	720453
59376	1787283
59377	1391010
67571	1844341
42994	560198
59381	1501681
59386	998457
43003	1569370
51198	1269215
43007	1368643
59392	602705
51202	562121
43013	1395114
59397	372633
67588	180133
59398	970036
59400	1797996
59401	1066476
67595	1097872
67596	-1
67598	1587322
51216	-1
67600	6365576
59409	698545
43026	1920436
67602	1064370
43030	133725
43032	299151
59416	182348
59418	1871831
59420	664603
59422	1438157
59424	1770039
51236	-1
43044	888030
67620	-1
51238	1207651
59436	1425213
59439	1198660
59441	1262710
51250	119657
59442	1302590
43059	1000877
59450	1283315
43068	1700408
43069	6068390
43070	200574
51262	1169115
67646	175404
59456	1570493
43072	653930
43073	695478
67648	197568
51266	736967
43075	201882
59460	-1
67653	890722
67652	1018954
51270	1156420
67657	282942
51272	912593
67656	775344
67659	59165
43083	1002155
67661	1679500
51277	59259
67660	790006
67665	6669287
67664	1516191
59475	518048
59476	861393
67668	385530
43094	-1
59480	220788
59481	1155250
59482	733665
59483	-1
59484	577133
43100	7181191
43102	1333299
51295	1772797
67681	36844
67683	925965
51298	1526078
43107	103499
59492	201712
51301	1502762
67684	1015761
67687	-1
67686	1522003
43112	1741310
67693	50879
59502	1838834
51310	5857610
59503	1012681
67697	143822
59505	1575183
43121	76947
67699	7409109
51314	1411540
59507	556250
51315	1153311
51316	862016
51318	374565
67704	458939
51322	487232
67709	1104324
59517	1341089
59518	226267
67710	1170708
67715	1824109
43142	394338
59526	937728
59527	1497654
43144	735035
59528	28170
43145	50358
59529	879144
59530	761810
51339	1197762
59535	1536106
59536	1319109
43153	515056
67728	1553993
43154	1427305
43155	911274
67732	1485455
43157	326949
59541	1754367
67735	174664
59542	321859
59543	1065671
51351	934545
67738	954980
67740	691273
59550	1798928
51358	5951756
51359	1777721
51360	119011
51361	1774232
67746	1302210
67750	1081430
59559	996298
43177	1299827
67752	809802
43178	981050
67754	837158
59563	1814185
51374	735484
59566	488648
51375	1824289
59567	653138
51377	241603
67760	1812928
67763	1421032
43189	1432819
51382	414330
43191	812012
43192	-1
43193	477353
51387	404345
59580	589923
67772	1367110
51392	7399579
59584	1448085
67778	-1
59588	1182785
43207	158748
51399	-1
51401	1248531
67787	151568
51402	488317
51403	-1
43214	586149
59602	547207
59603	1735296
67794	1651262
59604	1636289
67797	178125
59606	670833
59607	-1
43229	1547573
59613	5928613
67807	1735613
43230	1466907
59616	1319754
67808	1399310
51428	1437963
67813	80042
67815	7242403
51430	356513
51431	6289788
67816	1674018
51434	371227
51437	1799789
67822	1890721
51439	552355
67827	5951122
67829	542926
51446	500088
51447	968010
51448	176618
67832	1336692
43258	907162
51452	1361276
67837	33540
59645	1663883
51457	1746113
51458	1593772
59652	1563381
67844	162282
59654	1525329
67847	1441262
51463	1060588
43273	1633559
67850	89751
43275	494214
59661	1005748
67852	1794315
51470	536862
67857	190386
67858	355863
43283	200527
67861	1449563
51478	695948
43286	1002711
67864	888464
51481	1333769
43290	75441
67869	615468
43295	1000013
43296	1470070
51491	1100571
43299	616034
51494	194412
51495	1748014
51497	1182746
43306	1091065
51499	1581325
59695	391419
67886	1462645
51504	1551182
51507	980735
51510	1921286
51511	949812
59704	88102
67901	787417
51518	5837160
59711	-1
51521	972507
43331	7326572
59715	1757098
59716	39521
51524	1552948
43333	1752469
43334	225676
59722	1227653
67915	1684187
67917	1429293
51532	968303
59726	-1
51535	701283
59727	495503
59728	477407
59733	1661643
43351	1072286
59736	1231520
43352	466415
43354	637195
59738	638137
43357	1484868
43358	5857594
51551	493715
43359	269230
59743	1661584
59744	993117
67939	515691
43366	256193
67949	1244717
59756	1327120
67951	321587
59760	1009663
67953	192657
59761	1304878
67952	198868
43378	1676805
67957	1092506
67956	642311
59767	53692
67960	1546409
43386	723230
59772	1366335
59774	615194
67967	84982
59776	6603102
59780	1722679
43396	376589
67975	-1
51590	131171
43400	938688
51593	1307309
51595	1468434
51601	1189865
67987	528421
43411	1710118
43413	853547
67988	1798028
51608	1816923
43418	6790199
43419	1183985
51611	1784553
51612	271823
51614	1459033
68001	1459967
59808	41889
59809	-1
51617	5928886
51618	1282250
68002	448049
59813	1762387
59814	236913
51623	1715663
68009	324458
43435	-1
68010	305028
68013	1598703
68017	1726173
43442	1506157
43446	1532711
51641	359539
43450	1393919
51642	1073431
59838	1047830
43454	1562449
59840	474353
43456	1530957
43458	1163096
68036	319023
68039	477275
51656	1278292
43466	572235
43467	882054
43468	875228
43469	456187
59854	1328497
68046	1760560
68049	822929
59856	6889381
68051	109633
59869	1132530
68060	365346
59870	792395
43487	268369
51680	1007772
51681	6511504
68067	1798655
68069	996646
68071	1432930
68070	155195
59881	1680915
43498	1366366
51691	1676686
43501	1811606
68076	-1
59889	-1
59890	1551123
68083	1225516
68082	295443
59896	1133682
68094	51659
59904	5741905
59905	1795297
43524	825747
43526	264432
51719	6695690
59914	664335
51723	-1
51726	1416462
68117	163869
51738	1393412
43553	5730534
68133	1435190
51748	892794
43556	1792953
68134	902930
43559	545286
43561	1839540
59946	1762605
43562	375868
43565	1813481
43566	5678623
59950	1656554
43570	-1
51762	511439
59957	1010405
68155	1448419
68157	448342
59964	1337378
59966	1888137
68158	186013
59967	602463
43584	661319
68162	573570
68164	1905359
59975	5792914
68172	-1
59984	1727427
43601	361967
51795	114751
59989	1529140
59995	475058
43611	1855005
68186	6891848
43615	1337810
43618	860762
60002	809495
60003	309989
60004	1879908
43620	1662099
43621	1132592
68199	-1
51814	831729
51815	1179775
68198	106874
43624	80110
60009	1021427
43625	1679508
51818	1242989
43626	978439
68202	627187
51819	1109742
68205	519313
43629	367164
51822	750043
60015	-1
68209	-1
68208	-1
68211	62660
60018	1628380
68210	377602
60020	837086
43637	268029
68212	819385
60021	1658988
68215	1209364
60022	1628494
43640	1503345
68216	523588
51833	50164
60025	1701659
68219	80390
68218	1314418
51835	946428
51836	1508447
43644	1816660
60029	1750350
60030	501934
43647	1544061
60031	1455588
43648	1564582
43651	-1
68226	6173177
51846	357865
60040	1895928
51848	115344
51849	1697606
60042	175835
68235	53602
68237	1249451
60044	493477
51854	88612
43664	202569
43665	5744642
68240	1860843
43668	101475
43669	1340893
51868	152294
68257	656576
43690	1117858
68267	887750
51883	1861036
51884	1852707
51886	1853426
51887	1268174
68273	1750602
43696	635667
60084	1412059
60085	1604256
51894	1256430
43702	1654853
43703	1708158
43705	688858
60090	921891
51899	5857888
43707	498352
60092	1865634
68285	380708
43709	1420909
60095	254230
68286	744560
51903	179133
51904	1630483
51909	58386
51911	251760
60104	7409731
51912	1089029
68297	5929353
51916	5792743
43725	980334
68303	89407
43726	649780
43727	26813
68305	1596471
43729	-1
68306	578011
60116	505011
43733	1750521
68311	295983
43738	1567401
43739	288059
68314	389539
43740	7488141
51933	680595
43744	1275085
68320	-1
51938	688616
43750	1788664
68327	378018
51944	922176
68329	361985
43754	373290
51947	1854237
60141	69549
43757	518095
60142	1099326
60143	205002
51952	-1
51953	1923841
68339	1038945
60147	5742035
51956	1057454
60149	865707
51958	7043847
43768	154571
43774	434303
51968	858920
68353	1456391
43779	295531
51971	377589
60165	1678555
60166	1421549
43783	267018
51975	1338053
60167	1304565
43784	403724
68361	1402351
51977	932234
68363	345854
43787	-1
51980	1267061
60172	615947
43788	1409744
51982	556876
51983	914351
51985	176512
60178	476582
51989	74116
51990	345645
51991	1290127
51992	5804754
43801	1396073
60186	158232
60189	369101
43805	346724
68386	1319271
43815	372413
68392	748470
43818	200696
60202	7255688
60204	1812024
43821	-1
60206	1371596
52020	-1
60213	1168506
60214	298417
52025	5730242
52028	5793251
43836	1620434
43837	71022
43838	89321
52036	1563599
60228	1304137
43845	415302
68424	346683
52043	1666762
52045	142015
68431	546301
60238	5742322
68433	6595154
43859	1335745
52052	1852637
52053	664650
68436	1060464
52054	741031
43862	1401809
68441	1134473
43865	208984
60250	1678981
52059	1251146
52060	561554
43868	1020350
68445	-1
52061	1799253
68446	468298
60257	299394
60258	1394938
60259	1750142
60260	1658143
52069	1628161
43877	956974
68452	1111741
60262	1543347
43878	1057974
60266	372616
43884	5730487
43888	7326820
52085	1670338
68468	1207646
60277	370659
52086	71624
60279	5928590
68473	1600717
60283	-1
60290	147984
68482	279193
68487	1412801
60296	6409531
68491	890014
68494	1249743
60303	796742
52113	-1
43922	258799
43923	305917
60308	1685042
43924	1554724
52116	282642
60309	1743804
52118	1094054
43926	-1
60310	5984321
60311	1605125
60312	1599533
52120	1588498
60313	103609
68504	1795269
60314	-1
52124	1852283
60318	1374497
68510	1846049
43937	1913161
43939	524979
60324	1161013
60325	1434080
68516	1259293
60326	540305
43942	250384
43947	850983
60331	5814518
68525	1413768
60332	216948
68526	1408273
60335	1598792
52144	7488037
52145	687125
60337	728262
52146	579058
52148	-1
52153	1816374
68539	817840
52155	1455906
68538	1868848
68540	28372
43968	216554
52162	637079
52164	1269397
68549	6216952
60356	124560
43973	1120900
52166	541750
43974	81000
52168	1791184
60361	1532021
52170	400089
68554	180343
43980	1223880
52172	1853985
68558	1251236
68561	1869017
60368	1179731
52177	735431
60372	-1
60373	495488
60375	143788
52183	87322
43993	1609396
60379	6790501
68574	1696929
68576	69620
60387	1654028
60388	1273971
68583	571084
60390	1854636
68582	1399504
60395	1361794
52203	1360126
60396	-1
52204	155201
44014	113234
52206	591201
60402	1456629
52211	831137
52212	-1
44021	-1
52216	824532
44026	1311346
52218	371474
68603	543884
52220	1571152
60417	522791
60419	1812729
60420	673170
44039	760361
52231	890505
52232	205357
60424	1887333
60425	988868
44043	617595
68621	248501
44045	787974
44049	606482
44051	1333785
52247	385222
52248	1267359
52250	834801
44058	1168851
52251	1130848
52253	1838912
44062	1696846
52255	1284378
44065	1674114
60450	88410
60451	-1
44071	196638
60460	1595749
60461	1238308
52270	1389157
68654	1133656
44081	302930
44083	174852
68661	6965168
60469	578082
68663	-1
60470	537232
68662	6348598
68665	1866053
44088	1854195
60473	749058
44090	1430006
44091	1527697
52284	568616
68669	669647
52286	434950
52287	244048
68670	-1
52288	84844
68672	94081
68675	1211282
44101	1205267
44102	990910
68685	437555
52302	1368747
44110	417909
44111	742871
52303	-1
52313	200562
44130	464017
44132	1248297
60518	970186
68711	110932
68710	947578
52328	622908
52331	1077735
52332	122649
68720	1588822
68722	-1
68725	348739
68726	5952357
68731	404574
60540	163503
60542	1444635
60543	790396
60544	1362992
44166	1557365
60552	1702015
44169	241546
60553	1668090
60554	145780
52363	1725030
44171	1128653
68749	1551359
60557	1496971
44173	696960
60559	948872
52367	466600
44176	353748
44177	1674214
44178	1562425
68759	34661
52383	1423488
68766	1863094
44192	5946617
60580	1792205
44196	790263
60583	317395
60584	1838850
52392	153871
44205	1704553
44206	1838803
52398	946250
68783	1066122
52399	729801
44207	1397564
44208	-1
68784	1152744
44209	631313
44211	410051
68789	1133856
52404	1784215
44212	929650
44215	397876
52409	404441
52410	1325403
44219	1724905
52411	651419
52412	1598362
52413	1305182
52414	1129192
52415	1157703
44223	1607595
52416	274645
44224	1333076
52417	1332131
60613	1495402
44230	384620
44231	186901
44232	931761
60616	260660
44234	506725
68810	1714508
44241	872136
44242	1397617
44243	814335
68821	641497
44245	1362403
68820	644896
44247	1091691
68824	200204
68827	1159324
52444	1639675
52447	913075
68833	161859
52460	955359
60654	257241
68847	410474
52466	783265
44274	146603
44275	1742586
68853	1361021
44276	409832
44277	811483
68855	302951
68856	383726
52473	1681456
44285	1349483
68862	682322
60671	1315762
60672	5792728
44289	971968
60673	367201
44290	1442362
60677	371436
68871	621717
60678	1419895
52486	513760
68873	927912
60682	1260799
44298	1642651
60683	984226
60685	1237790
60687	907443
60688	746292
68880	6963543
60692	280985
68885	988703
60696	376179
60698	271395
52508	1638922
68892	447469
52511	1342594
68894	-1
52512	1164775
52513	-1
52516	-1
60709	209893
68903	303321
44329	1881426
68907	1515850
60717	27448
52526	523784
52527	7488283
44337	436261
44339	1640461
60723	216424
60724	-1
60725	735235
60726	1345753
60727	606105
68918	1560585
44345	7340410
60730	826763
60731	1811521
68927	1092110
68926	484580
60735	794686
60736	1813399
68928	296520
44356	1095147
60740	1775177
44357	27824
60743	982708
60746	547739
52556	1074867
68940	1573133
68942	1536046
52559	948090
60751	1050502
52562	1852361
68951	1659688
60761	1617332
68956	540134
60768	1192553
68962	1104258
52579	902027
68966	-1
60776	1413151
44396	1165786
52591	1568384
60783	1138029
68977	912586
68978	436681
60787	621000
52599	907936
44407	546874
60794	1261197
52603	1337562
52604	973380
44412	187329
52605	417948
68991	1817754
44414	53588
60799	1740065
52614	695886
60806	-1
52615	1398279
44423	965499
69000	1608391
44425	1538912
52618	889216
44427	1316043
60812	1701208
44429	947411
60813	782496
60816	-1
44434	667989
69011	940246
60819	376242
69013	456687
69012	562953
44441	1399876
69016	461559
69019	1015217
60827	173846
69023	6790602
52642	1419585
52645	1508981
52647	162936
60840	166604
52648	935606
44457	458905
52649	710696
69035	1799022
69034	-1
69036	292829
69039	587534
69038	1177344
44466	1655793
60850	1333494
69043	747481
52663	867958
69049	1334601
44472	120491
69048	217800
52667	197620
52668	1596664
69053	1183401
52669	1834354
44478	1648962
44481	720076
69061	1303714
69060	984059
69063	1168939
69062	7007064
69065	416458
60872	738697
69064	93408
69067	1658052
69066	1612376
52684	578207
69069	67120
52687	496951
52688	-1
69073	350958
69072	377497
69075	1456537
44499	150348
44500	-1
44501	1143203
44502	1750854
44503	-1
44504	1493857
44505	89400
69083	296562
69082	1536079
44507	1582687
52699	1248957
44508	791271
44509	634656
44511	1332070
52703	751960
60896	-1
44514	638686
44515	1061872
52708	363137
60904	1607658
60905	483910
52713	1780406
52714	584902
69099	987452
60907	522306
60908	692739
60909	1790670
52720	1402891
69105	998601
44529	1437122
69107	960318
44532	1858482
69108	583515
44533	1641028
52726	200610
44536	1398152
44543	652858
44545	5742141
52739	544059
69127	1578857
52743	1631914
52744	359451
69128	459396
69130	1620103
44556	1278291
69132	1692865
52756	769995
52757	1550096
60951	6477155
44567	1633871
69145	400937
69147	275911
44570	1254371
44571	454520
44573	552382
69148	6266787
52765	5952463
44574	1607503
52768	1635654
52769	814313
69155	1361357
44578	1812656
69157	792885
52774	476112
69159	1782262
69158	1364749
44584	622382
60970	5994286
60971	1104623
44588	959271
60973	1611190
60974	743707
69166	1152243
60976	1463656
69170	561284
60979	1061724
52788	693262
44596	409342
52789	1336387
69172	1859270
69179	518205
44602	1725873
60987	7430503
44605	955246
69180	545197
69184	136260
44610	623276
69189	765095
44613	198036
44614	1320171
52808	1503214
52810	758855
69196	1329222
52816	95154
44624	1674650
52820	414730
69205	654454
52822	151663
52826	1743827
52827	1057938
69214	643293
52832	134537
61024	867744
52833	1435349
61027	1278030
52835	848450
69223	379813
52838	1527572
61031	1528153
44652	6789969
69231	1210478
44655	940852
69232	927800
44658	1407128
44660	1919671
69237	1416641
52854	-1
52856	1306887
69240	327967
44665	1836441
61050	1417998
44667	1524684
44668	6192261
69245	1683727
52861	1715441
52865	555127
69248	655025
44674	218191
44675	1763975
52874	1621202
61069	191070
61070	1211415
52880	743954
44689	1577788
52883	1519998
69268	1545970
61083	1666883
44701	1669474
69279	244813
61086	5804927
52895	271880
69278	363065
61087	1322073
52896	363309
44704	1255053
44708	1304182
44709	948409
44710	1012418
44711	1595525
69289	217187
61096	1567025
52905	730276
52906	663267
44715	786911
44717	1163668
69292	761826
52910	-1
44720	1806686
52912	253642
44721	927771
61105	1381765
52914	1351171
52917	24766
52918	1202363
52919	687355
69304	1699244
52922	1397400
69309	889806
52925	120405
69308	310203
52926	1837739
61118	1685718
44735	1313802
61120	420386
44738	640488
52933	1436324
69323	88471
44747	184127
61134	1072202
52943	49266
52944	198351
69328	1084874
52946	281327
61140	391924
61141	5730888
52950	1700172
52955	1781951
69341	377144
52957	784228
44765	348269
52958	415731
61154	1727471
52965	1700110
61158	785020
44774	6446231
61159	584307
44777	791547
44778	821035
52970	1219057
44782	-1
52975	-1
52981	1055766
61173	1831933
52982	323759
44791	79315
44792	1752682
69371	1006756
69370	764788
52988	296768
52989	351605
69372	1601833
52991	584064
52992	399273
52994	1017696
69378	5793105
44804	225854
52996	1101863
52997	1421364
69380	833127
44808	1548203
44809	369774
53001	643526
69386	339567
69390	637595
61202	261206
53011	377669
53013	148275
53014	1307838
69401	-1
53019	997107
44830	69313
53023	1621898
44831	298157
69406	7488060
69408	7169720
44834	1496011
53028	359894
61222	1178001
69414	5945822
44839	1325263
69419	822349
44842	1232933
44843	644511
61229	1568677
44846	5929224
61233	1561432
61234	7409521
61235	1067267
44851	1363091
69429	944525
61237	5944177
69428	1601898
69431	635956
61238	5969584
69430	1724127
61239	866433
53047	6760667
61241	1521633
61242	1470657
61243	1598728
61245	208981
61246	1187371
44862	5929255
53054	1152794
44864	793239
61249	685979
53057	616862
44865	397157
44866	5762793
53063	1454659
44874	197193
53066	1086906
61258	-1
53067	1395146
44875	733808
69450	1818688
53068	1066491
69454	58217
53075	996146
61267	366427
44883	328370
69461	549018
61269	382322
69460	366102
53077	1188802
53078	1190018
69462	79060
61274	1119110
61276	1799669
53085	661791
69471	1773697
44894	147184
69472	1057986
44898	156664
61283	1067565
53091	-1
69477	305838
53093	323905
44904	647074
69480	983806
53097	867639
44906	-1
61294	1833019
61297	588000
61298	1336647
44915	1453817
61300	627141
44917	941781
61315	198822
53125	1587999
61319	1780885
69510	1816062
61320	1793769
53128	1177632
44937	1798724
61321	515102
61322	1269140
69515	815490
61325	1604576
61326	1335260
61329	1379700
44946	1806822
53138	1503630
69522	920829
61331	1684210
44947	1833348
69524	308299
61333	952453
53150	1887360
53155	-1
44964	1086991
53158	1162454
69545	-1
44970	94068
44971	806263
69551	862580
44975	398045
44976	90724
53170	764959
61362	400384
69554	695895
53173	80179
61366	1607588
69560	1073080
61369	18465
61371	-1
44988	323649
61373	177493
44990	636326
44991	843576
44992	-1
44993	240643
44995	1775798
61379	441180
61380	1082595
44996	241895
69580	384619
61389	-1
61391	527456
45008	955303
53202	294326
69586	132356
53203	-1
69589	468815
61397	617035
45014	827814
61399	776231
45015	1424726
53208	783508
61400	619031
53210	1636614
53211	-1
45021	1080708
45027	177907
45030	639329
53226	1077060
53227	116771
69613	159868
53228	998481
69612	1008376
61425	6074219
45043	922285
45044	1431929
53238	1757124
61431	796522
61433	704420
45050	641945
69629	1568353
53244	1144277
69628	953199
53250	635295
69639	78768
61446	200686
53254	-1
61447	1825695
61448	1688325
53258	833430
69642	877079
61456	400470
45074	1410972
45075	917872
45078	788006
53274	1075844
61467	1319192
45083	792056
53275	1074107
61468	1347906
45084	1812073
45085	271625
69663	1146674
53278	1067771
53280	1584984
69665	294710
61472	1865512
45090	644588
61476	1556489
61478	1805937
45094	1157256
53288	193438
45098	6271120
69677	-1
45102	95127
53296	406788
45104	1243959
61489	1270816
45105	1171144
53298	134212
45106	1691157
53299	-1
45108	938749
69685	750536
61502	914230
61503	-1
45124	-1
53319	-1
61513	495665
53322	1775578
61516	47187
45132	698995
53328	1845249
53330	106327
61525	178605
53333	1193431
61526	1597621
53335	6141345
45145	1538083
53339	407157
45148	1607251
61533	1310304
69728	1787723
45154	1891097
61539	7399019
53347	1497997
61541	185472
69732	1404634
45159	1661577
69737	1710647
61546	1599435
69739	363908
61547	1322781
61548	796424
61555	1756096
61557	552746
53366	109515
61560	1410495
69752	663446
45179	1877777
45182	1449621
45184	304943
45185	1051723
45186	118998
45187	1400744
53379	6351238
61572	364434
45188	1394933
61574	907383
69766	1342424
45191	552403
53386	515271
45196	409528
45198	5951958
45199	471566
53391	1557311
69779	766380
61591	203756
53400	495886
69787	1351755
45210	1381743
69786	108247
45212	397801
69794	196847
53414	7242445
53415	243236
53419	1001099
53423	-1
69806	760967
45245	968060
61630	1229579
69825	208105
69829	1856965
45255	1075865
61649	1097905
61653	499673
69846	1359015
53465	6232321
61660	301915
53468	1792607
61662	656686
61663	668030
69856	1579401
45281	1848673
69859	5792469
69858	1613245
45284	369818
69861	1289500
61668	1817667
61673	33486
61674	1126251
61680	473771
45300	134480
45303	106885
69881	236043
69883	1259762
45307	1479717
45308	1702231
69886	724532
69888	755207
69895	1758850
61706	1889226
53518	1532283
69902	111700
53519	1532145
69905	417365
61713	1879031
45330	764389
69906	351457
61722	1547276
45339	1269373
53531	1339350
45340	110119
61725	1785737
45341	709230
53533	624955
53534	1334752
69918	723157
69921	614877
53537	976292
69920	409395
45348	407138
61733	282177
61734	824331
69926	462798
61737	184949
69933	1044253
53549	1834223
53557	345206
61749	1616425
61751	1508265
69942	1247706
61752	434801
53561	1204522
61755	263881
53563	557988
53564	1163352
53565	804791
69948	570962
45373	1603106
53566	638445
45374	1155711
61760	-1
53568	1372103
45379	562723
53572	1145012
61764	376923
69959	159714
69958	1304466
45383	1051860
69961	1890426
61769	1238818
69963	285129
45386	1596909
53579	566095
53580	1399543
61772	364748
61773	1451713
45390	368474
45392	1158533
45393	1493786
69973	389531
69972	1334839
45397	269421
45398	152482
53591	969948
69980	837237
69983	907240
61794	1781524
61795	484504
45413	388274
61797	-1
69991	5805001
53606	664323
61798	1182628
69990	1326703
45415	1241136
69992	-1
53611	1813277
53612	1669482
69997	365166
61804	1439734
69996	1303716
70001	1438824
61809	265205
61811	1607255
70004	1748837
45429	1612977
53621	367070
61814	69910
61815	-1
45433	562136
70013	194546
70012	874875
45438	290223
70014	1508706
53635	130813
45444	603988
61830	135185
45447	1313304
53640	1911970
45448	215525
61834	24829
53642	1469805
70026	111265
45451	63431
45452	1180019
53644	1587859
53646	1623848
45455	369091
61841	-1
70035	849435
53651	1547359
61843	1670932
45460	1723391
53653	1282324
61846	1025113
70039	1692949
53655	192854
53656	1591694
53657	7326758
45465	1408641
53658	514873
45467	1806708
53660	917926
45469	1655708
45470	1055337
45471	1336228
70049	1347287
45472	825638
53665	270422
70051	637170
45474	159074
45476	1886838
53668	1126512
61860	470222
45477	1319155
70052	1730170
70054	611763
61865	571319
61867	-1
61869	1889353
70060	219761
61873	244416
53682	95357
61875	1515032
61876	1392722
70070	771148
61880	103642
70076	1210985
61885	701856
45501	106796
45502	6790436
61888	660448
53699	739481
45509	-1
70087	1262935
70086	1392761
53704	660022
45513	1367351
53709	1561643
70095	376014
61902	1906586
53710	1817651
61903	649164
45519	1427810
45520	1262760
70097	287883
53712	207152
53713	-1
70099	81160
45523	996159
53716	152251
70101	790385
70100	1858737
45531	1742191
70108	5804904
53729	7409065
61921	515547
45537	668947
53730	430721
53737	1880890
53738	811796
53740	804589
45549	315495
61934	1408491
53743	112870
53745	876029
53746	7174472
61938	224043
70130	1159063
53750	559655
61943	794016
53752	1923097
61949	5837090
45565	80950
70140	380835
61950	1593596
45570	668023
70147	344624
61957	1847244
53765	130677
53766	410355
53767	368081
53768	587981
53770	742993
61962	1874251
70155	578689
45578	997660
70154	200550
61963	571763
70159	773847
70158	763247
70161	396942
53776	1741729
61968	1559471
70160	1853257
70162	1800631
45588	6029791
70165	493679
45589	1620620
70167	6290759
45590	1382776
70166	5804268
45591	993902
45592	88773
70168	1238773
45602	538088
53796	543608
70188	258876
45615	1135226
45616	1920494
62002	1279685
45618	1098450
70199	1417421
70201	-1
62009	917642
45626	5984529
53820	5890346
70207	1889209
53823	1369982
53825	296124
45633	914655
62017	484780
70211	1514423
45634	-1
53827	1161873
45636	1277447
62021	447658
70214	1610141
53833	912567
62025	1180934
53835	1104574
70221	1094615
70220	1832746
70223	379983
70225	890939
70224	6514656
70227	1631128
45650	1303800
70228	736969
53848	72439
53849	1427390
53851	742582
45659	1540946
45660	5804424
53854	1712311
53858	83434
70242	983340
53866	1519944
62058	498190
53867	-1
70253	1919956
53869	107666
53871	830918
53872	6790738
70257	1396663
45683	361199
53877	64623
53879	660196
62072	584009
45690	997111
62075	240302
62078	474741
62079	1791517
53887	1182798
70275	1448313
53891	589909
62085	1506099
53896	1907370
70285	166049
45708	1891004
70287	470973
70286	7409093
45712	1768638
70289	1151095
45713	400116
45714	1271379
45717	1230320
45724	1302818
45725	1258915
45726	6511154
70303	1824011
45727	655234
70302	1155148
62112	1216802
70304	1690169
70306	580931
45734	1066484
62118	6745062
45735	1610193
45738	1061716
62122	652753
62123	-1
53932	1181347
53934	1836107
70318	1074206
45743	378105
53935	1767020
70321	431902
53936	443824
62129	1127170
45745	830102
70325	402786
53941	461483
70326	69283
70328	1848614
53946	1632959
53951	488157
70338	1046992
70341	5836849
62153	1709205
45771	1817633
53964	1215943
70355	-1
53970	1770531
53971	5951482
62164	1920343
70356	366417
53973	-1
70359	1628713
45783	62620
70360	945543
45787	6760419
45788	1069580
53981	1882208
70367	890692
62175	1261036
45792	1464563
70370	1785220
62179	1582145
53987	790441
62180	1057287
45797	1001328
45799	455799
53994	420301
62187	370718
62189	81288
54000	-1
70384	1787273
45810	220110
45811	375714
45814	681570
45817	818918
45818	1428079
45819	519082
70396	1397236
62205	365928
45822	403664
70399	1635541
54014	545041
70398	-1
45823	580924
45824	1444895
70401	-1
70400	-1
45826	1214793
45829	94133
45831	1817919
62215	540362
45832	-1
54024	976987
54025	1756028
62217	1108311
54026	1643473
45835	7488038
45840	1243316
54042	48778
54043	-1
62237	-1
62239	1776164
62241	7367590
62243	297460
62244	1753563
70439	1868681
70438	132287
45863	443082
70441	1803770
62248	705831
70440	1709085
70442	1456656
45871	1711350
45872	1799335
45873	1086430
45875	5730469
70453	1800536
54070	1012688
45880	663493
45881	1818755
70459	502718
45882	761343
70458	56302
70466	1625219
45892	818325
70468	7399484
70471	1514594
70472	539302
62282	1714646
54091	214245
70476	80082
45901	1841673
62286	1155665
45902	578387
70478	1616261
70481	1355594
45906	174575
70483	208719
54105	1114271
54106	195394
70490	1780085
54110	1750486
62303	1284596
62306	463258
62310	7326094
62311	985607
70505	1540466
62312	1252957
45929	1023656
62314	729635
62315	410271
45931	803765
45932	834996
62316	418340
62317	6196044
45936	5984437
45938	775161
45939	1322767
45940	703113
62324	1320397
54132	538394
70519	1165063
62326	1387121
54135	1814510
62328	1601872
70520	104507
45946	144381
70523	264522
62331	336861
54139	1795105
70522	1739316
54140	1794817
62332	1867357
54142	720082
45951	285469
54143	733115
70526	1588914
54144	1089003
62338	652803
45955	1102475
70532	1230575
54150	1603432
62346	611661
45962	1185690
70547	1860311
45971	1232259
70546	1501243
54163	1750972
70549	647973
70548	1537424
54166	329272
70551	1004281
62363	1497902
62364	1468171
45985	1776269
70563	-1
70562	1741879
70564	6083320
70573	1056882
62381	586181
45998	184242
70574	959017
45999	692538
54192	1142843
46001	1673745
46003	1697504
54196	515494
46005	196870
46007	1300001
62391	1833992
46008	112712
62392	1712640
70584	787229
62396	625547
70592	1399350
62401	1670170
54210	980736
46019	190119
54212	505185
54215	1103982
54216	438859
62409	1031350
70603	201146
70604	5952156
62413	1654232
70607	1183782
54223	1161179
46031	976076
70608	375386
62417	7242337
70613	-1
70617	1454183
46044	273874
54236	239733
54237	568069
54238	7242243
70623	1700041
62433	6584700
46049	1157553
54242	1826350
54244	1853447
46052	583864
46053	579861
70631	552086
54247	1848909
70632	1762368
54249	79934
54253	109663
54254	1613906
54255	5730890
46064	1541884
70640	798468
54258	701321
46068	1824425
46070	1557255
46071	1348715
54263	1321934
54264	573590
62457	18970
62458	673248
46075	-1
62459	877604
62461	400034
70655	921089
46079	743290
62463	272957
70656	387693
70659	1077548
46084	444463
46086	988491
62472	645172
54281	1442091
62474	1574335
70667	636013
62476	247565
70668	373577
46093	621728
46094	400064
54286	825076
46095	544045
70670	991023
62480	-1
70675	1194053
46099	1158415
54291	853753
54292	-1
54293	1450923
62485	1359879
62486	695454
46102	1316200
62487	1549146
54297	830652
62489	1136544
54298	-1
70683	1215051
70682	385676
70687	1261108
46111	-1
62495	1833528
62496	152079
70689	1909792
70688	783490
70691	1614381
70690	1813408
46117	671792
62505	1775836
54314	1571665
54316	1554170
62508	356881
54319	1465724
54320	780892
62515	376217
62517	570068
70713	-1
54332	503775
62525	1211442
46143	258406
54335	1456755
70721	-1
62528	1209774
62529	1373722
54338	928154
54339	183480
54340	1625140
62533	420081
70729	634106
54344	1703533
70730	200532
46155	657570
54348	321969
46156	1261620
46157	305738
46158	-1
54352	24588
46160	-1
46161	821309
54354	218425
62554	1869164
54362	1310738
62555	629054
54363	1922030
54366	5792432
70754	477220
62564	44710
54374	1417906
70760	1251780
54380	388750
46189	-1
54381	1559028
54383	1015476
54384	-1
46193	1099398
62577	1577425
46194	1237173
54386	1332649
62578	669826
46195	874184
62579	1583534
70773	1789430
54389	639881
54390	257900
70777	1337419
54392	1852478
70776	764039
46201	1896130
62585	733178
54398	730463
62592	5984432
70785	793862
62594	1635163
46211	918600
46212	-1
70791	1466441
54408	1857980
46218	275319
62605	1159975
46223	1183184
54419	1075751
54420	471229
54421	1120670
62613	1298873
54422	95215
70807	1447252
62615	1671737
70809	1461180
70808	345048
54425	1417327
54427	438500
54428	-1
46238	745865
62623	1332743
46240	734154
62624	1320659
46242	1647714
54434	400015
54437	1710931
70823	719331
70822	503097
62631	95438
54439	695823
62633	197609
70824	313389
62634	1499112
54443	1019274
62635	822335
54445	182599
54450	663258
46258	1149617
54451	1389047
46260	1858074
46262	947384
46263	1164974
70838	114209
46264	1173953
46266	-1
62652	1303944
70845	1601974
46268	964833
62653	5837082
70847	1532521
54462	57525
62656	1681206
62658	1167807
46274	1072211
70855	1817719
62663	221851
70857	1794821
46286	1012952
46287	1854234
70865	1595532
46288	99803
62674	27181
54483	1109981
62677	1197592
46298	297897
54497	112673
46306	385820
46308	-1
62694	977516
62695	932537
54504	6797376
46312	494397
54506	896414
62699	1398345
62700	1425950
46316	1154412
62704	983271
62705	1508605
62718	867902
54526	6300086
54528	460899
62722	203337
54534	1347952
46344	-1
54538	327341
46347	41680
54541	6960482
46350	1537052
54543	1403679
54545	1617632
54546	1359597
54550	1553730
62742	560757
46359	1286331
54556	1835546
46370	-1
46373	-1
46374	1262506
62762	301119
62766	101703
62767	5857576
46384	621737
62773	64966
54582	257618
46391	1685018
46393	1654561
46395	1369043
54588	1340364
62780	1049539
54590	625501
62783	1094790
54592	49785
62784	1886733
46401	627189
62785	5804969
62788	-1
62789	664237
46407	1784203
54603	484302
62797	1831911
54605	1699457
46416	1317719
46419	1460421
46423	775833
46424	103526
54623	1574765
62822	-1
54632	-1
46441	309379
54634	1457967
46443	931989
46444	477186
46445	926826
62830	179890
46446	1305728
54642	7260233
62835	759504
62836	753674
46453	225879
54648	207716
62840	1161116
54649	5793196
62842	1165283
54653	579096
62850	1776457
62851	540370
62854	552854
46471	663858
46473	5984493
62857	783483
46475	456504
46476	1811885
46477	789238
54672	97253
62866	1049809
62867	462192
62872	5805119
54681	1168844
62874	6859160
54682	126120
54684	1233088
54685	910767
62878	153963
46495	746309
62880	5742142
62884	81841
54693	969731
46501	1347479
62886	1101104
62887	140304
62889	1747893
54697	1900655
54702	1736789
54703	1627147
46511	1094506
54705	1046901
46513	802950
46514	867985
54709	1821007
46520	1906463
46521	1216011
46522	998645
46524	1571176
54718	269540
54719	204501
46528	5742396
54725	305618
46535	76950
54727	782749
62924	1171019
46542	955060
62927	987241
62929	1350528
54740	250257
62937	1902428
46553	1344418
54748	802908
62944	-1
62949	1768740
54760	-1
62954	-1
54762	1648130
62955	592997
54763	529170
46572	1848782
46575	322495
62960	137680
46576	1371198
62961	5994252
46578	693410
62963	575091
46580	1881963
54772	94346
62964	209499
62965	586930
62966	69418
46583	783440
62967	543458
54776	786782
54779	7488327
62971	1716530
62972	7326044
46588	1510573
62973	143666
46589	419970
46590	-1
62974	1315757
46591	1131543
54788	-1
62983	344862
54798	1349387
54801	176005
46611	1431414
62999	144637
46616	6509743
46617	434981
46618	1353635
46621	1912402
46626	7488521
54821	1086035
63016	85278
54825	440918
46636	1007424
54829	1247468
46637	466594
54830	992785
46642	1184840
63027	1166255
46648	1088023
63037	1400161
54845	162287
63038	1762984
46657	1883139
63042	928634
46658	686024
46660	735294
63044	1790995
63045	221265
63050	49361
54859	614243
63051	1846324
54860	-1
54861	1711145
63053	1800480
54863	1604782
46672	1710354
54864	792763
54866	5731003
63063	1094983
46680	1287282
54881	750929
46692	1463703
46693	1178798
63079	26755
54887	816780
54891	369878
63084	1407034
54895	1853909
54900	-1
54901	937835
63094	353892
63096	217940
63105	1119801
63108	1457693
63109	1345151
63110	1117043
46730	1005915
46735	1605483
54928	569711
63127	1838913
46743	1672537
63128	1331354
63129	1128663
63130	374738
63134	1353528
46753	110918
46755	419597
46756	1135889
63141	619820
54951	1809514
54954	1689857
46768	464675
46771	1279276
46773	621273
46780	1344120
54972	1790515
46782	729044
54980	774092
54982	1400001
54983	189113
63177	1776526
46796	-1
46797	1680128
46802	-1
63186	-1
46805	1315684
63190	698582
63192	1195143
46809	-1
63194	1095723
46813	1543415
46814	-1
63198	5756723
46816	992619
63202	1605924
46818	409657
63205	434967
63206	1729478
46822	667331
46824	988129
63218	1109454
55028	498263
55029	6141899
55032	1176448
63231	1167260
55039	779765
46848	756378
55041	471054
55045	1503456
46854	1574399
46856	174100
63240	-1
63242	1651481
46859	39828
46860	1301806
46863	111392
63248	939465
46867	430734
63252	615677
46870	870844
63257	1802108
55069	295482
63263	1593862
63264	471210
46887	225846
46894	540298
63278	1785601
46895	1617669
63280	7242215
63281	63852
55091	7326555
55092	398038
46900	1010794
46901	1351339
46907	364981
46908	287785
46909	646969
55102	385863
55106	418471
46916	1304145
46922	1775947
46923	540359
46924	1816126
55117	786079
55118	350566
55120	353331
63317	929261
55126	58895
55127	54484
63319	562200
63320	1817884
46937	611487
46939	365769
55135	281049
55137	540715
55138	551200
63330	343774
63331	830934
63332	1449869
46949	164566
63334	1495898
55142	344029
46951	691268
63335	102735
63336	1768457
55149	6789973
46959	1498840
55153	1131713
55154	615982
63346	1865593
63347	5730242
55155	193916
55156	288419
63348	1433564
55159	1397204
55160	1593833
55161	7326489
46972	1607151
46973	552473
55168	5730148
63361	1621276
46977	1521739
46978	6790394
55174	837557
55180	50019
46989	1229531
55182	1188733
63374	59376
55183	1769850
46998	786452
55190	1394642
55192	384566
55195	37041
55203	1494763
55204	401583
47012	1002040
55205	508158
47013	627297
55207	503618
55210	437580
55212	548860
47020	796440
63405	82559
47021	1151671
47023	1490014
55215	723961
55216	-1
63408	1882304
63409	387780
55218	1504615
47027	824168
63415	1532312
47031	1090366
55223	686668
55226	1742171
55227	697678
63420	633664
55231	1169054
55232	757321
47041	1182961
63427	618877
47043	1705581
47044	471841
47045	510493
47048	1826215
55241	825126
55242	1828521
55244	-1
55245	212672
55248	1854181
55249	1654510
63441	5951891
63442	43366
55251	986583
55252	447481
63444	1151298
47061	404946
63446	342398
63451	220434
55261	-1
55263	1408537
55267	1603940
47075	977404
63463	1745999
63467	1826419
47084	1548612
55280	5837141
55286	895559
55288	347490
63483	1426039
63485	1242893
63486	925600
55300	1407114
55310	772483
55313	1628899
55315	-1
63507	292705
63511	-1
55322	5815022
63515	1076860
63517	1249998
63519	379174
47141	759779
63525	1258722
63526	1728303
63527	1161831
55335	1332138
63529	630946
63530	793801
55339	320926
55340	695275
47151	1775535
55343	1576242
55345	1336349
55346	970673
63539	301372
47156	541323
63540	373135
63541	-1
63543	629587
55352	1604246
63545	1921839
63546	1133433
55357	433588
63554	1704205
63555	298160
47172	625278
55366	1344512
55369	324193
47177	1054282
55370	223235
47179	1616808
47182	1860116
55374	803994
55375	1022364
63568	603295
55381	-1
63574	1167291
47195	1068794
63580	1095765
63581	437629
47198	5763027
63587	1492673
63593	794354
63595	803602
55407	1806362
63602	511323
63611	1811996
47227	1661670
55419	1347492
63612	657883
47228	796480
55420	1281171
47231	538826
63615	1909067
55424	1794667
63618	1896046
47235	1315354
55427	1671132
63620	1907264
63621	5792935
55433	953148
63627	1629901
47244	81668
55436	1345122
63629	1508216
47245	1160765
55439	733274
47249	-1
55441	998551
55442	363383
63634	1899663
47251	1066342
47252	1454452
47254	162187
47257	556678
47258	548352
55452	5793074
47260	314819
55454	1261203
63647	1345157
47263	6790356
63648	1508242
63649	20279
55460	456469
63654	-1
55466	958138
63659	916631
47276	1475355
55468	1578717
47279	1814181
63663	1023845
63664	1596658
55474	-1
47283	867720
55476	518305
47287	1811655
47288	1316491
63673	-1
47289	519663
47292	157331
47293	-1
63677	1159070
63678	220209
63679	7242041
63680	1135495
47297	1653504
47300	698337
47302	272036
63690	644246
55498	683065
55499	1214810
47307	1734281
47308	367161
47309	1695556
55502	1269959
55503	1274271
55504	691275
47316	604393
47317	646754
47319	248773
63705	1874659
47322	1318473
63706	1565889
55516	242425
63714	1401086
55533	1138226
55534	1339853
47345	1896092
47350	-1
47353	730460
55545	608137
47355	1661678
63739	148904
47356	783477
47358	1215628
63742	762656
47360	736555
63745	1458690
47362	986040
63748	646749
55560	375674
63753	80167
47374	1325395
47376	29131
47377	6091445
55571	667868
55573	977215
55574	1825880
55575	758587
47383	112697
47384	1734006
47385	550522
55579	605493
55580	-1
55582	507603
63779	53821
47399	1775758
55593	820940
55598	1699715
55599	501170
55606	202407
55608	462248
47417	495464
55610	406694
47420	297834
55613	1134676
55614	1209497
47423	1196573
55615	81083
47427	1108822
55620	1155369
55623	1004994
63818	536647
47434	752528
63822	426081
55633	471037
47442	436028
47443	1441078
47444	7489029
55643	1421614
63835	1419632
63839	988184
47459	737833
55654	1626821
47463	447483
47464	1074887
63854	986732
55662	1571876
55663	621426
63858	1748427
47475	1686909
55670	197688
47478	1339877
63863	996085
55674	85704
47484	992750
63869	810015
55679	868090
47489	7490499
63874	1128316
47490	163557
63875	1860505
47492	511012
63876	898761
63877	955087
63878	1701837
63879	1903094
63881	1814441
63882	788615
47500	418819
55694	1813156
63891	1535894
63894	1402147
55702	1306905
55704	185336
47517	1671458
63902	302581
47518	1521893
55711	784408
63904	834953
47522	1215043
55724	858925
63920	616799
55731	155115
63924	1344983
55734	1563949
47542	399040
55737	613092
63930	1806663
63934	363166
55743	566539
63935	1753766
63937	1306790
63940	590392
63943	1049950
55752	1816401
63944	1163021
63946	1739092
47563	540128
63947	-1
47564	7399592
47565	151482
47566	383231
55758	1775574
55762	578129
47572	1796042
63957	641663
63958	342966
63963	54462
47580	1863599
47584	1779921
63969	983616
47585	1682867
55779	5952103
63972	49707
55780	1244414
55783	1424975
47593	1310930
63977	603886
55787	870308
47596	780494
47599	317371
47601	1906489
47603	520909
63988	6790243
55797	1017285
55798	411434
47607	1202289
55803	1647123
63995	790131
47612	1450097
63996	575257
55805	1344314
55807	815971
64003	896432
64005	147167
55818	1461508
64014	413344
47631	155412
55831	668068
64023	348719
55832	5928970
55833	-1
47641	1271822
64028	249447
55837	1241570
64029	647057
64032	1564985
64036	1387777
55845	1846374
47654	370638
64040	1618402
47660	-1
47665	890771
64050	1541813
47675	1597551
47682	1137822
64067	1285866
47685	501189
55879	667779
47687	1851886
47689	1070401
47692	1711204
64078	1348223
64080	1798498
64082	-1
47699	1077014
47702	345307
64087	1173124
64088	429687
47711	812525
47714	342043
55906	121330
47719	-1
55911	1913548
64105	-1
64107	56184
64110	-1
64111	1784688
64113	-1
47730	651612
64114	5742260
64115	1400553
55923	139396
64116	1790982
55924	1846565
55925	-1
47733	1794986
47739	654333
64123	89310
55932	1278907
47749	1113622
64137	1528255
64142	550592
47758	1865571
47762	788125
47765	6446435
64150	1106076
55958	7242065
47767	1668517
47768	1282963
55960	7033866
55962	688085
55964	6537933
55965	1338042
55966	762120
64161	568980
47779	491398
64165	7488989
64166	1874164
55982	56169
47793	1202214
47804	1686659
64189	1109912
56006	-1
64200	-1
64201	308200
64206	349690
64211	723471
64214	636554
47831	1540885
56024	275252
64218	1914882
64220	1853222
64224	1131328
56034	339072
47846	369885
47847	741452
47848	1337445
64233	1602528
56046	33818
56049	1857345
56056	1744002
64250	1286466
56060	996024
47868	24330
56062	1589167
64254	1185007
64255	1913921
64260	1088566
64261	157205
64263	1793281
47887	1696778
64272	1057211
47889	1098443
64275	188602
47891	1251420
47892	810160
47894	1406370
56087	-1
56089	1212153
64281	1814507
56091	1841824
47899	1206967
56092	1437101
47901	908127
47905	6022752
56099	586243
64294	1354553
56103	604401
56105	1708490
64298	1907250
64299	1465168
56108	1216257
47924	550135
47925	765432
47927	1262945
56119	1914924
56120	1807773
47931	557262
56123	1798192
47932	557655
47934	1112710
56126	907922
64319	654937
56127	644682
56128	1656003
47938	-1
64324	-1
56132	1549341
64325	1684672
47941	1016479
64327	1182576
47944	383467
64329	354009
64330	1251248
47949	135058
64342	781232
56150	1655611
56154	-1
47963	640848
64348	1264751
47965	997266
64351	1761791
47967	1802805
47970	-1
56166	788377
64358	72126
47975	1683521
64367	69476
47984	1835981
47987	370652
64371	1348404
47989	547675
47990	400119
64375	1589195
64377	491507
47993	823216
47997	1167267
48005	1545593
48007	668315
64392	6789863
56200	1141892
56201	6790450
56203	319458
64396	1816380
48014	1842969
48017	765440
56212	1820054
64406	1546373
48023	1138387
64407	852932
64408	1701830
64410	215652
48026	611457
64411	5994200
64412	1797997
48032	737807
48033	148480
48035	1172707
48040	154851
48042	1616580
64426	1059578
64427	1912122
48044	978889
48048	-1
56240	941327
56241	1893674
64437	1056362
56245	640709
48055	910744
56248	756080
56249	1682622
64442	1152542
48060	1905345
56253	-1
56254	1227638
64447	-1
48065	1096610
64451	244964
64453	1517195
64454	1580358
64455	291738
56263	652126
56264	1699307
56265	194347
64457	1334435
64458	813652
64459	252162
48077	7340076
64462	6285014
48079	640426
56274	7242043
64469	387793
64470	549952
64472	1338876
64474	-1
64476	635451
48093	1073846
48094	364405
64480	145359
48100	970165
56297	1472001
48106	1724122
64492	1610143
64496	265684
56306	1655333
48116	705253
64500	1887279
64501	47323
64502	1360551
48118	1111085
48119	153779
48122	947311
56318	149822
48127	670917
56320	910999
48131	5804941
56329	1542191
64522	144090
56331	503635
48139	86816
64525	1587518
64530	1534273
48146	5931168
48147	-1
64531	1534174
64532	509769
56345	1056339
56347	1656509
64540	1781234
56350	1749855
56353	837862
64549	1195203
64555	781587
48172	849958
48174	1367125
64558	1849440
48175	-1
56367	1669910
48176	1269110
64564	1763218
64567	1289518
64573	1421479
56385	1009614
64578	166481
56387	-1
64580	559438
64581	518274
64582	1541657
64585	361103
64590	7326622
64593	83859
48209	918666
48210	1746100
64597	653097
48217	1314217
48219	377940
48223	1793460
56417	1662051
56418	1611794
56419	1099838
48229	955360
48232	1155116
56424	1603494
56425	1182696
64618	971089
56426	1504370
48234	928415
56427	730749
56429	33658
48240	383539
48247	357071
48248	547726
64634	1468479
56443	1425913
64636	1656881
48253	-1
48255	795980
64639	213569
48256	1661695
56448	349329
64642	388829
64643	578856
64644	1394779
64649	998545
56460	795987
64652	1835395
56461	1783098
48269	1634824
48270	1806200
48273	461132
64659	1156600
56468	306782
64660	752667
56473	215553
64666	1701367
64671	685466
64672	1728896
64675	916653
64676	582485
64680	1424585
48305	431069
64692	1838904
48308	1156352
64696	822226
56510	1472044
64706	777232
56515	434702
56516	1781872
48325	7326574
48328	611075
56522	941356
56523	1545512
64718	1506996
56531	782060
64723	1851600
56532	-1
48340	770129
48342	950500
56539	1610702
64734	1369184
64735	200701
48354	447111
48358	1306763
56553	290014
56554	1704085
56555	919892
64748	794649
48365	6066281
64753	508167
56568	205534
48379	1253425
48380	1120732
48382	635110
56576	-1
48389	1456741
48394	1317747
56588	372064
64782	321088
64786	369960
56595	225719
64789	758033
56600	5804419
48412	1750956
56604	1859673
48413	-1
56606	1315111
48415	925867
56607	1865700
56608	922487
48419	948946
56612	1793801
64805	435860
64809	497637
48425	459473
56617	867695
56618	730043
56619	142080
64812	629373
56621	972389
56622	203231
64819	842902
48439	1440509
56633	313306
56635	84375
56636	69587
48445	984291
64831	5792631
56639	1285123
56640	1671626
48452	1817849
64839	1167707
64840	1454648
56650	1757353
48459	7242056
56656	812043
56657	775592
48468	67915
64853	663854
48472	6790694
48473	498375
48474	948392
64858	1259338
64859	1391449
56668	493621
56672	1412307
56673	81906
64867	1206586
64869	1765924
64886	5951937
64887	-1
64888	1792210
64889	1156938
56698	1602428
56700	-1
56703	1425081
48512	1106405
56705	723321
56713	1588827
56714	274537
64906	1691764
56716	1545269
48524	1059527
64911	543194
56722	1094287
48538	240318
56736	276622
64932	786355
64933	737344
64942	977149
56753	418714
48567	1569280
64951	984190
56761	809578
48570	1001833
56767	6446176
64961	5792971
48577	381886
64962	928311
48579	1533068
64963	544855
64967	1264024
64968	1751096
56780	1339377
48592	1075516
64978	790852
64979	767632
64983	926617
48610	1025994
56804	606694
56808	409513
48616	1740981
48617	662160
48618	666331
56810	1108953
56812	1081058
65004	1048658
56814	389696
56816	1156134
56817	704323
65011	144489
48629	765945
65017	863750
65018	6148471
48636	1205982
56829	383265
48641	211576
65030	1745319
48649	1260490
48650	1613630
65036	1240332
48652	1625233
48653	916628
48654	893088
56846	338719
56848	664315
48657	1846325
56850	7488270
48658	484547
56851	1162026
48662	1880431
48665	1238349
48669	1775827
65053	241564
56864	1853949
56866	1089551
56869	724238
65061	991054
65062	1581038
65064	5755766
48680	681952
65071	5836775
56880	318437
48688	969909
56881	958561
65074	182865
56884	811217
65079	222533
65080	1321580
48699	408291
65084	1887407
48702	48274
48704	1304562
48705	568790
56898	825138
48706	1434791
56899	5857549
48707	1787695
65091	1374588
48708	142146
56900	1846132
65092	477343
56901	1799885
48709	1857121
56902	733518
48711	-1
48712	1366484
56904	1858777
48713	1908701
65099	1387624
48716	887679
56908	7409224
48719	829727
56912	1355585
65108	-1
56916	1836134
65115	-1
56923	1786385
56924	934553
56925	1780999
56927	317033
48737	130408
48739	1448952
56931	1797204
48741	868073
48742	1258969
56936	1463393
56939	139526
65136	1857891
48756	1391676
48757	949899
48760	162720
56954	633632
56957	593069
56960	443823
56966	785243
56967	119994
48775	1858804
48776	1409206
56971	942054
56972	1302814
65164	1428326
48781	374412
48783	1204071
56979	1661548
56982	1126670
65174	448158
65177	1058394
65180	-1
65181	7399236
48800	1002774
48801	1715693
56994	1568060
48807	1169507
57003	1114482
65198	5730593
65199	1142431
48815	976381
57008	1153714
57009	180295
48820	-1
48821	159563
65206	5804807
48823	648384
57015	199111
48824	232200
57016	796603
65209	5793067
57018	1429973
57020	129630
57021	-1
57022	519964
48831	1722068
65215	1106183
57024	395340
65219	633123
57028	435806
65221	372960
48840	977144
48842	1111805
48843	1236721
57037	7312244
57038	417175
48848	1215365
48849	31973
57044	1350290
65238	-1
57047	1778355
48859	344909
57052	6793048
57058	747147
65252	6951115
65254	5858284
48872	730341
65256	920910
57065	859951
57069	1443217
65264	388452
57075	418180
57079	351693
57084	369044
57087	295253
65280	672054
65285	438514
65286	314262
65288	1388115
57099	1285301
65293	1507533
48915	344425
57108	822689
57113	1593567
57114	143669
57115	888020
57116	1598542
57117	1618187
57118	1252015
65311	654698
57120	216395
57121	667633
57122	276688
65315	241554
48933	363447
65330	-1
65333	758974
57143	801251
57146	591657
65338	1783100
65341	220536
65343	788562
48964	7242404
48966	328260
57160	-1
65353	1154528
57162	43152
65356	614356
48973	1839307
48976	550741
57174	70727
65366	458791
57175	1336918
57176	814008
65370	-1
57181	-1
65377	88601
48993	1248028
65383	1824809
65386	1307161
49002	50273
65387	1142112
57196	6957596
65388	1724555
65389	5836755
57198	-1
65393	1689622
57201	846879
49010	363581
49012	1578176
65397	1696486
65399	69624
57208	5742348
57211	197683
57212	613548
65406	210759
57215	405338
57219	928361
49029	690808
65418	1433928
57227	67197
57228	7326559
57232	817144
49040	1160504
49042	1174212
49045	1394803
65431	988120
57239	363330
49050	436129
57242	113144
49051	1775534
49054	1216184
57247	1177685
49059	445649
49060	657865
65444	373972
57253	817192
49062	877203
57255	1583019
65448	215436
49066	-1
57261	1322744
57264	-1
49075	1261093
49076	1887979
65461	1599366
49077	803389
65464	804956
49080	1370329
65465	1768716
57273	1709565
65467	30379
57275	1854071
49085	428122
57277	5730107
49087	778011
65471	621308
49092	1400006
65478	1318322
57291	198629
65484	1096658
65486	585518
65487	985540
57297	1160603
65491	177818
49107	53487
65492	5933735
65493	1239934
65494	5741913
57302	516157
65497	700566
65498	777131
65499	1276379
65500	731052
65506	1605662
65511	1326114
57323	5804431
49131	1648430
65516	828155
49132	1454552
57326	666731
49134	157179
49135	397208
57328	1068540
49139	197203
49140	348956
49141	-1
57334	1549992
49142	1360998
65526	569284
65527	-1
57336	364516
65528	483314
49145	636841
49146	416886
57340	875946